ID Easting Northing Altitude Retro Angle Distance UTC Long Lat
28241825 753617.991 3753376.601 294.524 0.059 0.04772 34.838 62621.89540 -84.257586571 33.890280559
28241826 753618.015 3753376.571 294.166 0.059 0.03743 34.867 62621.89544 -84.257586319 33.890280275
28241899 753618.194 3753376.476 294.526 0.071 0.04762 34.736 62621.90871 -84.257584415 33.890279379
28241900 753618.228 3753376.425 294.17 0.067 0.03733 34.788 62621.90874 -84.257584059 33.890278909
28241901 753618.179 3753376.539 293.811 0.031 0.02704 34.658 62621.90877 -84.257584563 33.890279950
28241902 753618.232 3753376.45 293.454 0.027 0.01675 34.759 62621.90881 -84.257584011 33.890279140
28241971 753618.231 3753376.662 294.875 0.059 0.05791 34.294 62621.92199 -84.257583964 33.890281044
28241972 753618.245 3753376.649 294.522 0.059 0.04762 34.299 62621.92202 -84.257583810 33.890280927
28241973 753618.265 3753376.627 294.17 0.059 0.03733 34.318 62621.92205 -84.257583608 33.890280726
28241974 753618.306 3753376.562 293.818 0.071 0.02704 34.389 62621.92208 -84.257583182 33.890280130
28241975 753618.283 3753376.623 293.464 0.071 0.01675 34.322 62621.92212 -84.257583410 33.890280687
28242044 753618.429 3753376.546 294.883 0.082 0.05801 34.181 62621.93530 -84.257581860 33.890279955
28242045 753618.379 3753376.66 294.527 0.063 0.04772 34.044 62621.93533 -84.257582363 33.890280994
28242046 753618.413 3753376.61 294.178 0.071 0.03743 34.095 62621.93536 -84.257582014 33.890280532
28242047 753618.353 3753376.744 293.826 0.098 0.02714 33.942 62621.93539 -84.257582626 33.890281760
28242048 753618.42 3753376.627 293.476 0.082 0.01685 34.075 62621.93543 -84.257581928 33.890280687
28242049 753618.349 3753376.783 293.128 0.051 0.00656 33.906 62621.93546 -84.257582649 33.890282104
28242116 753618.448 3753376.768 295.215 0.047 0.06820 33.702 62621.94857 -84.257581591 33.890281950
28242117 753618.424 3753376.831 294.866 0.086 0.05791 33.619 62621.94860 -84.257581830 33.890282521
28242118 753618.491 3753376.714 294.524 0.110 0.04762 33.741 62621.94864 -84.257581136 33.890281451
28242119 753618.498 3753376.716 294.176 0.094 0.03733 33.733 62621.94867 -84.257581061 33.890281470
28242120 753618.482 3753376.764 293.829 0.098 0.02704 33.677 62621.94870 -84.257581225 33.890281908
28242121 753618.523 3753376.699 293.482 0.094 0.01675 33.752 62621.94873 -84.257580799 33.890281309
28242122 753618.571 3753376.62 293.134 0.090 0.00645 33.846 62621.94877 -84.257580299 33.890280583
28242123 753618.624 3753376.531 292.783 0.055 -0.00384 33.954 62621.94880 -84.257579752 33.890279774
28242189 753618.547 3753376.848 295.208 0.059 0.06820 33.369 62621.96188 -84.257580500 33.890282651
28242190 753618.568 3753376.821 294.865 0.086 0.05791 33.387 62621.96191 -84.257580274 33.890282400
28242191 753618.617 3753376.74 294.524 0.086 0.04762 33.469 62621.96194 -84.257579767 33.890281658
28242192 753618.608 3753376.773 294.179 0.106 0.03733 33.426 62621.96198 -84.257579853 33.890281960
28242193 753618.622 3753376.762 293.836 0.090 0.02704 33.437 62621.96201 -84.257579708 33.890281853
28242194 753618.601 3753376.819 293.492 0.110 0.01675 33.375 62621.96204 -84.257579917 33.890282369
28242195 753618.632 3753376.774 293.148 0.078 0.00645 33.430 62621.96207 -84.257579601 33.890281961
28242196 753618.694 3753376.668 292.801 0.043 -0.00384 33.558 62621.96211 -84.257578960 33.890280986
28242262 753618.631 3753376.957 295.201 0.075 0.06830 33.005 62621.97518 -84.257579555 33.890283607
28242263 753618.689 3753376.857 294.866 0.098 0.05801 33.104 62621.97522 -84.257578954 33.890282696
28242264 753618.708 3753376.836 294.526 0.141 0.04772 33.119 62621.97525 -84.257578758 33.890282499
28242265 753618.712 3753376.844 294.185 0.122 0.03743 33.104 62621.97528 -84.257578718 33.890282574
28242266 753618.735 3753376.815 293.845 0.129 0.02714 33.135 62621.97532 -84.257578478 33.890282302
28242267 753618.73 3753376.839 293.504 0.114 0.01685 33.109 62621.97535 -84.257578521 33.890282525
28242268 753618.737 3753376.841 293.164 0.078 0.00656 33.112 62621.97538 -84.257578446 33.890282539
28242269 753618.772 3753376.788 292.821 0.071 -0.00374 33.180 62621.97541 -84.257578086 33.890282053
28242334 753618.778 3753376.927 295.534 0.063 0.07849 32.811 62621.98846 -84.257577976 33.890283307
28242335 753618.791 3753376.918 295.197 0.110 0.06820 32.806 62621.98849 -84.257577842 33.890283217
28242336 753618.773 3753376.968 294.857 0.106 0.05791 32.737 62621.98852 -84.257578020 33.890283675
28242337 753618.828 3753376.874 294.523 0.114 0.04762 32.834 62621.98855 -84.257577448 33.890282811
28242338 753618.806 3753376.933 294.184 0.141 0.03733 32.762 62621.98859 -84.257577670 33.890283350
28242339 753618.834 3753376.894 293.847 0.153 0.02704 32.804 62621.98862 -84.257577383 33.890282990
28242340 753618.843 3753376.891 293.51 0.137 0.01675 32.809 62621.98865 -84.257577283 33.890282960
28242341 753618.85 3753376.893 293.172 0.110 0.00645 32.811 62621.98868 -84.257577214 33.890282982
28242342 753618.861 3753376.886 292.835 0.078 -0.00384 32.828 62621.98872 -84.257577089 33.890282909
28242343 753618.873 3753376.878 292.496 0.063 -0.01413 32.849 62621.98875 -84.257576963 33.890282834
28242407 753618.931 3753376.902 295.529 0.106 0.07849 32.597 62622.00177 -84.257576334 33.890283039
28242408 753618.887 3753377.004 295.187 0.094 0.06820 32.466 62622.00180 -84.257576783 33.890283974
28242409 753618.911 3753376.971 294.855 0.137 0.05791 32.491 62622.00183 -84.257576528 33.890283669
28242410 753618.943 3753376.923 294.522 0.165 0.04762 32.536 62622.00186 -84.257576197 33.890283228
28242411 753618.947 3753376.93 294.187 0.180 0.03733 32.523 62622.00190 -84.257576147 33.890283287
28242412 753618.94 3753376.96 293.852 0.157 0.02704 32.487 62622.00193 -84.257576222 33.890283562
28242413 753618.936 3753376.983 293.518 0.157 0.01675 32.463 62622.00196 -84.257576258 33.890283767
28242414 753618.953 3753376.964 293.184 0.125 0.00645 32.489 62622.00199 -84.257576078 33.890283593
28242415 753618.96 3753376.966 292.849 0.082 -0.00384 32.495 62622.00203 -84.257576004 33.890283609
28242416 753618.934 3753377.032 292.517 0.071 -0.01413 32.433 62622.00206 -84.257576263 33.890284208
28242481 753619.036 3753376.952 295.847 0.027 0.08888 32.316 62622.01504 -84.257575179 33.890283464
28242482 753619.014 3753377.011 295.51 0.086 0.07859 32.231 62622.01508 -84.257575403 33.890284004
28242483 753618.995 3753377.065 295.175 0.114 0.06830 32.155 62622.01511 -84.257575599 33.890284493
28242484 753619.032 3753377.006 294.847 0.173 0.05801 32.209 62622.01514 -84.257575212 33.890283952
28242485 753619.058 3753376.97 294.516 0.243 0.04772 32.240 62622.01518 -84.257574945 33.890283624
28242486 753619.058 3753376.985 294.184 0.231 0.03743 32.218 62622.01521 -84.257574940 33.890283757
28242487 753619.079 3753376.957 293.853 0.255 0.02714 32.247 62622.01524 -84.257574715 33.890283503
28242488 753619.051 3753377.027 293.522 0.231 0.01685 32.170 62622.01527 -84.257574996 33.890284139
28242489 753619.068 3753377.009 293.19 0.145 0.00655 32.195 62622.01531 -84.257574819 33.890283971
28242490 753619.054 3753377.052 292.86 0.098 -0.00374 32.155 62622.01534 -84.257574961 33.890284362
28242491 753619.053 3753377.068 292.529 0.094 -0.01403 32.149 62622.01537 -84.257574961 33.890284503
28242492 753619.096 3753376.999 292.195 0.035 -0.02432 32.241 62622.01540 -84.257574523 33.890283875
28242560 753619.103 3753377.095 295.815 0.051 0.08878 31.911 62622.02836 -84.257574419 33.890284740
28242561 753619.124 3753377.068 295.488 0.098 0.07849 31.924 62622.02839 -84.257574196 33.890284486
28242562 753619.133 3753377.065 295.16 0.149 0.06820 31.912 62622.02842 -84.257574099 33.890284456
28242563 753619.172 3753377.003 294.834 0.259 0.05791 31.969 62622.02845 -84.257573699 33.890283891
28242564 753619.168 3753377.025 294.504 0.443 0.04762 31.935 62622.02849 -84.257573733 33.890284094
28242565 753619.176 3753377.026 294.176 0.447 0.03733 31.929 62622.02852 -84.257573655 33.890284097
28242566 753619.182 3753377.029 293.847 0.447 0.02704 31.924 62622.02855 -84.257573589 33.890284120
28242567 753619.19 3753377.026 293.519 0.478 0.01674 31.928 62622.02858 -84.257573496 33.890284097
28242568 753619.184 3753377.053 293.19 0.192 0.00645 31.902 62622.02862 -84.257573556 33.890284344
28242569 753619.188 3753377.061 292.862 0.110 -0.00384 31.902 62622.02865 -84.257573513 33.890284408
28242570 753619.213 3753377.025 292.532 0.090 -0.01413 31.954 62622.02868 -84.257573245 33.890284077
28242571 753619.195 3753377.075 292.206 0.067 -0.02442 31.912 62622.02872 -84.257573426 33.890284537
28242640 753619.182 3753377.198 296.115 0.055 0.09907 31.574 62622.04163 -84.257573531 33.890285649
28242641 753619.198 3753377.182 295.791 0.031 0.08878 31.571 62622.04167 -84.257573367 33.890285499
28242642 753619.212 3753377.17 295.467 0.078 0.07849 31.566 62622.04170 -84.257573224 33.890285386
28242643 753619.238 3753377.132 295.144 0.145 0.06820 31.593 62622.04173 -84.257572949 33.890285039
28242644 753619.273 3753377.078 294.821 0.745 0.05791 31.642 62622.04176 -84.257572588 33.890284540
28242645 753619.273 3753377.093 294.495 0.812 0.04762 31.616 62622.04180 -84.257572586 33.890284678
28242646 753619.291 3753377.072 294.17 0.824 0.03733 31.634 62622.04183 -84.257572399 33.890284486
28242647 753619.291 3753377.086 293.844 0.831 0.02704 31.616 62622.04186 -84.257572393 33.890284615
28242648 753619.294 3753377.095 293.519 0.835 0.01675 31.607 62622.04190 -84.257572360 33.890284696
28242649 753619.3 3753377.097 293.194 0.353 0.00645 31.610 62622.04193 -84.257572288 33.890284708
28242650 753619.287 3753377.137 292.87 0.141 -0.00384 31.573 62622.04196 -84.257572417 33.890285073
28242651 753619.338 3753377.052 292.541 0.118 -0.01413 31.680 62622.04199 -84.257571895 33.890284293
28242652 753619.348 3753377.046 292.215 0.071 -0.02442 31.701 62622.04203 -84.257571785 33.890284240
28242720 753619.32 3753377.186 296.424 0.110 0.10946 31.370 62622.05491 -84.257572044 33.890285504
28242721 753619.375 3753377.092 296.108 0.071 0.09917 31.450 62622.05494 -84.257571481 33.890284646
28242722 753619.319 3753377.218 295.774 0.086 0.08888 31.286 62622.05498 -84.257572053 33.890285797
28242723 753619.333 3753377.205 295.453 0.098 0.07859 31.283 62622.05501 -84.257571907 33.890285676
28242724 753619.356 3753377.174 295.132 0.165 0.06830 31.303 62622.05504 -84.257571666 33.890285388
28242725 753619.363 3753377.175 294.81 0.745 0.05801 31.290 62622.05507 -84.257571592 33.890285394
28242726 753619.384 3753377.146 294.489 0.827 0.04772 31.313 62622.05511 -84.257571366 33.890285133
28242727 753619.38 3753377.169 294.166 0.808 0.03743 31.282 62622.05514 -84.257571406 33.890285340
28242728 753619.387 3753377.17 293.845 0.796 0.02714 31.279 62622.05517 -84.257571332 33.890285347
28242729 753619.401 3753377.157 293.523 0.839 0.01685 31.295 62622.05520 -84.257571185 33.890285225
28242730 753619.402 3753377.17 293.201 0.443 0.00655 31.285 62622.05524 -84.257571172 33.890285341
28242731 753619.408 3753377.171 292.879 0.212 -0.00374 31.292 62622.05527 -84.257571098 33.890285347
28242732 753619.428 3753377.147 292.556 0.204 -0.01403 31.330 62622.05530 -84.257570896 33.890285127
28242733 753619.423 3753377.17 292.234 0.192 -0.02432 31.318 62622.05534 -84.257570938 33.890285340
28242734 753619.429 3753377.173 291.911 0.180 -0.03461 31.333 62622.05537 -84.257570873 33.890285362
28242801 753619.437 3753377.23 296.394 0.102 0.10936 31.076 62622.06822 -84.257570769 33.890285876
28242802 753619.407 3753377.305 296.066 0.094 0.09907 30.967 62622.06825 -84.257571076 33.890286556
28242803 753619.412 3753377.309 295.747 0.063 0.08878 30.941 62622.06828 -84.257571018 33.890286590
28242804 753619.446 3753377.256 295.432 0.118 0.07849 30.983 62622.06832 -84.257570665 33.890286103
28242805 753619.449 3753377.264 295.112 0.153 0.06820 30.959 62622.06835 -84.257570629 33.890286174
28242806 753619.472 3753377.234 294.795 0.757 0.05791 30.981 62622.06838 -84.257570395 33.890285897
28242807 753619.476 3753377.239 294.476 0.831 0.04762 30.966 62622.06841 -84.257570347 33.890285947
28242808 753619.487 3753377.232 294.157 0.776 0.03733 30.969 62622.06845 -84.257570230 33.890285877
28242809 753619.494 3753377.233 293.839 0.831 0.02704 30.966 62622.06848 -84.257570157 33.890285883
28242810 753619.49 3753377.254 293.52 0.816 0.01674 30.943 62622.06851 -84.257570192 33.890286080
28242811 753619.492 3753377.264 293.202 0.737 0.00645 30.937 62622.06854 -84.257570163 33.890286164
28242812 753619.515 3753377.234 292.883 0.153 -0.00384 30.978 62622.06858 -84.257569931 33.890285891
28242813 753619.532 3753377.214 292.563 0.129 -0.01413 31.011 62622.06861 -84.257569752 33.890285711
28242814 753619.493 3753377.305 292.248 0.110 -0.02442 30.924 62622.06864 -84.257570144 33.890286535
28242815 753619.464 3753377.376 291.933 0.051 -0.03471 30.862 62622.06867 -84.257570435 33.890287181
28242882 753619.496 3753377.391 296.355 0.110 0.10936 30.652 62622.08153 -84.257570090 33.890287306
28242883 753619.511 3753377.375 296.04 0.082 0.09907 30.645 62622.08156 -84.257569932 33.890287160
28242884 753619.472 3753377.465 295.717 0.063 0.08878 30.523 62622.08159 -84.257570322 33.890287984
28242885 753619.552 3753377.322 295.412 0.106 0.07849 30.666 62622.08162 -84.257569504 33.890286671
28242886 753619.572 3753377.296 295.098 0.149 0.06820 30.679 62622.08166 -84.257569297 33.890286440
28242887 753619.579 3753377.297 294.782 0.753 0.05791 30.667 62622.08169 -84.257569221 33.890286441
28242888 753619.576 3753377.317 294.466 0.808 0.04762 30.636 62622.08172 -84.257569249 33.890286623
28242889 753619.576 3753377.329 294.151 0.808 0.03733 30.617 62622.08175 -84.257569236 33.890286733
28242890 753619.598 3753377.301 293.836 0.843 0.02704 30.646 62622.08179 -84.257569014 33.890286478
28242891 753619.603 3753377.304 293.52 0.816 0.01674 30.644 62622.08182 -84.257568953 33.890286502
28242892 753619.605 3753377.315 293.205 0.761 0.00645 30.637 62622.08185 -84.257568930 33.890286595
28242893 753619.608 3753377.324 292.89 0.176 -0.00384 30.634 62622.08189 -84.257568901 33.890286679
28242894 753619.644 3753377.267 292.573 0.137 -0.01413 30.709 62622.08192 -84.257568529 33.890286156
28242895 753619.624 3753377.319 292.259 0.082 -0.02442 30.665 62622.08195 -84.257568722 33.890286629
28242963 753619.565 3753377.53 296.322 0.122 0.10946 30.252 62622.09484 -84.257569303 33.890288544
28242964 753619.595 3753377.484 296.014 0.067 0.09917 30.279 62622.09487 -84.257568991 33.890288124
28242965 753619.695 3753377.3 295.716 0.122 0.08888 30.464 62622.09490 -84.257567968 33.890286445
28242966 753619.658 3753377.387 295.396 0.110 0.07859 30.350 62622.09493 -84.257568337 33.890287232
28242967 753619.641 3753377.434 295.081 0.165 0.06830 30.282 62622.09497 -84.257568504 33.890287661
28242968 753619.678 3753377.375 294.772 0.741 0.05801 30.336 62622.09500 -84.257568126 33.890287125
28242969 753619.675 3753377.395 294.459 0.812 0.04772 30.306 62622.09503 -84.257568150 33.890287299
28242970 753619.683 3753377.393 294.148 0.804 0.03743 30.303 62622.09506 -84.257568065 33.890287279
28242971 753619.684 3753377.406 293.836 0.824 0.02714 30.286 62622.09510 -84.257568056 33.890287398
28242972 753619.692 3753377.402 293.524 0.812 0.01685 30.291 62622.09513 -84.257567964 33.890287365
28242973 753619.68 3753377.441 293.213 0.749 0.00655 30.252 62622.09516 -84.257568089 33.890287717
28242974 753619.719 3753377.378 292.9 0.165 -0.00374 30.330 62622.09520 -84.257567686 33.890287141
28242975 753619.726 3753377.378 292.588 0.125 -0.01403 30.341 62622.09523 -84.257567610 33.890287138
28242976 753619.734 3753377.376 292.275 0.094 -0.02432 30.357 62622.09526 -84.257567525 33.890287121
28242977 753619.727 3753377.402 291.964 0.043 -0.03461 30.345 62622.09529 -84.257567585 33.890287357
28243043 753619.647 3753377.631 296.595 0.133 0.11965 29.922 62622.10811 -84.257568391 33.890289436
28243044 753619.676 3753377.587 296.29 0.122 0.10936 29.944 62622.10814 -84.257568091 33.890289033
28243045 753619.723 3753377.508 295.989 0.067 0.09907 30.009 62622.10818 -84.257567605 33.890288305
28243046 753619.783 3753377.401 295.688 0.090 0.08878 30.108 62622.10821 -84.257566983 33.890287335
28243047 753619.773 3753377.434 295.375 0.133 0.07849 30.053 62622.10824 -84.257567079 33.890287635
28243048 753619.763 3753377.469 295.064 0.176 0.06820 29.999 62622.10828 -84.257567183 33.890287952
28243049 753619.772 3753377.465 294.755 0.780 0.05791 29.992 62622.10831 -84.257567088 33.890287913
28243050 753619.776 3753377.471 294.447 0.824 0.04762 29.977 62622.10834 -84.257567044 33.890287966
28243051 753619.776 3753377.484 294.138 0.824 0.03733 29.958 62622.10837 -84.257567034 33.890288077
28243052 753619.783 3753377.484 293.83 0.835 0.02703 29.955 62622.10841 -84.257566962 33.890288082
28243053 753619.789 3753377.486 293.521 0.831 0.01674 29.954 62622.10844 -84.257566898 33.890288099
28243054 753619.789 3753377.499 293.213 0.765 0.00645 29.944 62622.10847 -84.257566890 33.890288214
28243055 753619.823 3753377.445 292.904 0.169 -0.00384 30.012 62622.10850 -84.257566536 33.890287720
28243056 753619.832 3753377.442 292.595 0.114 -0.01413 30.026 62622.10854 -84.257566445 33.890287691
28243057 753619.887 3753377.347 292.281 0.090 -0.02442 30.147 62622.10857 -84.257565875 33.890286818
28243124 753619.742 3753377.72 296.56 0.122 0.11965 29.578 62622.12143 -84.257567339 33.890290214
28243125 753619.78 3753377.657 296.261 0.102 0.10936 29.622 62622.12146 -84.257566940 33.890289635
28243126 753619.807 3753377.618 295.959 0.055 0.09907 29.642 62622.12149 -84.257566665 33.890289276
28243127 753619.892 3753377.463 295.666 0.063 0.08878 29.796 62622.12152 -84.257565793 33.890287860
28243128 753619.887 3753377.486 295.357 0.114 0.07849 29.752 62622.12156 -84.257565838 33.890288071
28243129 753619.863 3753377.546 295.048 0.165 0.06820 29.670 62622.12159 -84.257566074 33.890288618
28243130 753619.849 3753377.588 294.74 0.796 0.05791 29.612 62622.12162 -84.257566216 33.890288996
28243131 753619.869 3753377.562 294.436 0.827 0.04762 29.632 62622.12165 -84.257566012 33.890288764
28243132 753619.875 3753377.563 294.131 0.824 0.03733 29.626 62622.12169 -84.257565941 33.890288768
28243133 753619.883 3753377.56 293.827 0.827 0.02703 29.627 62622.12172 -84.257565854 33.890288743
28243134 753619.884 3753377.573 293.522 0.820 0.01674 29.614 62622.12175 -84.257565846 33.890288857
28243135 753619.893 3753377.569 293.217 0.757 0.00645 29.623 62622.12178 -84.257565751 33.890288817
28243136 753619.911 3753377.546 292.912 0.161 -0.00384 29.656 62622.12182 -84.257565558 33.890288605
28243137 753619.958 3753377.468 292.604 0.125 -0.01413 29.754 62622.12185 -84.257565080 33.890287892
28243138 753619.946 3753377.504 292.299 0.086 -0.02442 29.727 62622.12188 -84.257565195 33.890288223
28243139 753619.924 3753377.562 291.996 0.031 -0.03471 29.679 62622.12192 -84.257565420 33.890288748
28243205 753619.859 3753377.765 296.533 0.141 0.11975 29.284 62622.13473 -84.257566063 33.890290592
28243206 753619.898 3753377.701 296.237 0.110 0.10946 29.329 62622.13477 -84.257565659 33.890290005
28243207 753619.917 3753377.675 295.937 0.075 0.09917 29.334 62622.13480 -84.257565455 33.890289769
28243208 753619.903 3753377.717 295.631 0.067 0.08888 29.267 62622.13483 -84.257565595 33.890290145
28243209 753619.97 3753377.597 295.338 0.118 0.07859 29.384 62622.13487 -84.257564907 33.890289055
28243210 753619.98 3753377.591 295.036 0.180 0.06830 29.377 62622.13490 -84.257564800 33.890288993
28243211 753619.967 3753377.631 294.732 0.808 0.05801 29.321 62622.13493 -84.257564933 33.890289355
28243212 753619.966 3753377.645 294.429 0.839 0.04772 29.297 62622.13496 -84.257564934 33.890289482
28243213 753619.981 3753377.628 294.128 0.835 0.03743 29.310 62622.13500 -84.257564776 33.890289332
28243214 753619.976 3753377.652 293.827 0.839 0.02714 29.282 62622.13503 -84.257564824 33.890289542
28243215 753619.985 3753377.648 293.525 0.804 0.01684 29.287 62622.13506 -84.257564733 33.890289509
28243216 753619.986 3753377.659 293.224 0.749 0.00655 29.279 62622.13509 -84.257564718 33.890289607
28243217 753620.014 3753377.617 292.922 0.227 -0.00374 29.333 62622.13513 -84.257564428 33.890289223
28243218 753620.015 3753377.628 292.62 0.208 -0.01403 29.331 62622.13516 -84.257564413 33.890289323
28243219 753620.028 3753377.615 292.317 0.200 -0.02432 29.359 62622.13519 -84.257564273 33.890289204
28243220 753620.034 3753377.617 292.015 0.184 -0.03461 29.374 62622.13522 -84.257564209 33.890289216
28243287 753620.022 3753377.731 296.209 0.098 0.10936 29.052 62622.14807 -84.257564303 33.890290243
28243288 753620.055 3753377.678 295.914 0.090 0.09907 29.087 62622.14811 -84.257563961 33.890289764
28243289 753620.09 3753377.624 295.619 0.094 0.08878 29.129 62622.14814 -84.257563608 33.890289262
28243290 753620.086 3753377.645 295.317 0.122 0.07849 29.088 62622.14817 -84.257563644 33.890289453
28243291 753620.06 3753377.709 295.014 0.165 0.06820 29.001 62622.14820 -84.257563907 33.890290043
28243292 753620.064 3753377.715 294.715 0.808 0.05791 28.984 62622.14824 -84.257563860 33.890290088
28243293 753620.067 3753377.721 294.417 0.839 0.04762 28.969 62622.14827 -84.257563821 33.890290142
28243294 753620.073 3753377.723 294.119 0.851 0.03732 28.961 62622.14830 -84.257563763 33.890290165
28243295 753620.079 3753377.723 293.821 0.859 0.02703 28.959 62622.14834 -84.257563690 33.890290162
28243296 753620.085 3753377.725 293.523 0.855 0.01674 28.958 62622.14837 -84.257563628 33.890290178
28243297 753620.096 3753377.717 293.225 0.765 0.00645 28.971 62622.14840 -84.257563516 33.890290104
28243298 753620.126 3753377.671 292.925 0.161 -0.00384 29.030 62622.14843 -84.257563206 33.890289681
28243299 753620.161 3753377.615 292.625 0.122 -0.01413 29.103 62622.14847 -84.257562843 33.890289168
28243300 753620.13 3753377.688 292.328 0.102 -0.02442 29.035 62622.14850 -84.257563148 33.890289830
28243301 753620.119 3753377.724 292.031 0.063 -0.03471 29.011 62622.14853 -84.257563263 33.890290158
28243368 753620.054 3753377.945 296.165 0.047 0.10936 28.567 62622.16139 -84.257563896 33.890292170
28243369 753620.217 3753377.635 295.898 0.071 0.09907 28.892 62622.16142 -84.257562230 33.890289338
28243370 753620.192 3753377.698 295.596 0.086 0.08878 28.802 62622.16145 -84.257562484 33.890289911
28243371 753620.205 3753377.686 295.3 0.102 0.07849 28.799 62622.16148 -84.257562347 33.890289794
28243372 753620.199 3753377.71 295.002 0.149 0.06820 28.757 62622.16152 -84.257562403 33.890290017
28243373 753620.173 3753377.775 294.703 0.753 0.05791 28.673 62622.16155 -84.257562667 33.890290610
28243374 753620.169 3753377.795 294.407 0.761 0.04762 28.643 62622.16158 -84.257562698 33.890290787
28243375 753620.174 3753377.799 294.112 0.765 0.03732 28.634 62622.16161 -84.257562646 33.890290818
28243376 753620.173 3753377.813 293.818 0.757 0.02703 28.616 62622.16165 -84.257562648 33.890290946
28243377 753620.18 3753377.813 293.523 0.745 0.01674 28.617 62622.16168 -84.257562578 33.890290945
28243378 753620.191 3753377.803 293.229 0.722 0.00645 28.632 62622.16171 -84.257562458 33.890290855
28243379 753620.249 3753377.702 292.932 0.125 -0.00384 28.752 62622.16174 -84.257561866 33.890289934
28243380 753620.285 3753377.644 292.633 0.102 -0.01413 28.828 62622.16178 -84.257561490 33.890289395
28243381 753620.239 3753377.748 292.341 0.078 -0.02442 28.724 62622.16181 -84.257561961 33.890290349
28243444 753620.296 3753377.768 295.576 0.047 0.08888 28.481 62622.17476 -84.257561333 33.890290513
28243445 753620.321 3753377.731 295.285 0.102 0.07859 28.505 62622.17479 -84.257561074 33.890290177
28243446 753620.309 3753377.769 294.989 0.133 0.06830 28.449 62622.17482 -84.257561197 33.890290517
28243447 753620.295 3753377.81 294.695 0.212 0.05801 28.392 62622.17486 -84.257561337 33.890290888
28243448 753620.273 3753377.865 294.401 0.251 0.04772 28.322 62622.17489 -84.257561553 33.890291392
28243449 753620.316 3753377.793 294.111 0.255 0.03743 28.397 62622.17492 -84.257561115 33.890290738
28243450 753620.308 3753377.821 293.818 0.227 0.02713 28.364 62622.17495 -84.257561188 33.890290990
28243451 753620.317 3753377.817 293.527 0.231 0.01684 28.370 62622.17499 -84.257561094 33.890290946
28243452 753620.333 3753377.798 293.234 0.180 0.00655 28.395 62622.17502 -84.257560928 33.890290774
28243453 753620.369 3753377.74 292.941 0.102 -0.00374 28.467 62622.17505 -84.257560559 33.890290243
28243454 753620.363 3753377.764 292.648 0.086 -0.01403 28.450 62622.17508 -84.257560614 33.890290462
28243455 753620.331 3753377.841 292.359 0.031 -0.02432 28.377 62622.17512 -84.257560939 33.890291160
28243518 753620.382 3753377.875 295.547 0.035 0.08877 28.118 62622.18806 -84.257560373 33.890291455
28243519 753620.403 3753377.846 295.26 0.098 0.07848 28.133 62622.18810 -84.257560156 33.890291192
28243520 753620.411 3753377.843 294.97 0.106 0.06819 28.123 62622.18813 -84.257560069 33.890291159
28243521 753620.432 3753377.815 294.682 0.165 0.05790 28.143 62622.18816 -84.257559858 33.890290906
28243522 753620.427 3753377.837 294.392 0.169 0.04761 28.111 62622.18820 -84.257559898 33.890291100
28243523 753620.438 3753377.828 294.103 0.192 0.03732 28.116 62622.18823 -84.257559784 33.890291017
28243524 753620.445 3753377.827 293.813 0.176 0.02703 28.115 62622.18826 -84.257559711 33.890291008
28243525 753620.447 3753377.835 293.524 0.192 0.01674 28.107 62622.18829 -84.257559684 33.890291080
28243526 753620.47 3753377.802 293.234 0.165 0.00645 28.148 62622.18833 -84.257559443 33.890290776
28243527 753620.471 3753377.812 292.945 0.098 -0.00384 28.143 62622.18836 -84.257559429 33.890290872
28243528 753620.462 3753377.844 292.656 0.075 -0.01413 28.117 62622.18839 -84.257559527 33.890291163
28243592 753620.524 3753377.885 295.243 0.078 0.07848 27.847 62622.20141 -84.257558843 33.890291510
28243593 753620.551 3753377.844 294.959 0.102 0.06819 27.879 62622.20144 -84.257558565 33.890291136
28243594 753620.545 3753377.868 294.671 0.145 0.05790 27.841 62622.20147 -84.257558622 33.890291356
28243595 753620.57 3753377.832 294.385 0.161 0.04761 27.874 62622.20151 -84.257558364 33.890291020
28243596 753620.554 3753377.875 294.098 0.145 0.03732 27.821 62622.20154 -84.257558517 33.890291411
28243597 753620.564 3753377.867 293.811 0.149 0.02703 27.827 62622.20157 -84.257558413 33.890291344
28243598 753620.568 3753377.872 293.525 0.133 0.01674 27.823 62622.20161 -84.257558366 33.890291382
28243599 753620.581 3753377.859 293.239 0.110 0.00645 27.841 62622.20164 -84.257558234 33.890291266
28243600 753620.608 3753377.817 292.951 0.094 -0.00384 27.895 62622.20167 -84.257557949 33.890290881
28243601 753620.69 3753377.667 292.659 0.075 -0.01413 28.073 62622.20170 -84.257557105 33.890289510
28243665 753620.594 3753378.023 295.228 0.059 0.07858 27.449 62622.21472 -84.257558043 33.890292741
28243666 753620.653 3753377.919 294.951 0.090 0.06829 27.552 62622.21475 -84.257557440 33.890291790
28243667 753620.646 3753377.945 294.667 0.098 0.05800 27.512 62622.21479 -84.257557506 33.890292025
28243668 753620.666 3753377.917 294.384 0.114 0.04771 27.536 62622.21482 -84.257557292 33.890291765
28243669 753620.676 3753377.911 294.101 0.110 0.03742 27.538 62622.21485 -84.257557193 33.890291707
28243670 753620.675 3753377.925 293.818 0.133 0.02713 27.520 62622.21488 -84.257557200 33.890291837
28243671 753620.714 3753377.861 293.535 0.137 0.01684 27.593 62622.21492 -84.257556799 33.890291247
28243672 753620.684 3753377.931 293.252 0.102 0.00655 27.518 62622.21495 -84.257557095 33.890291888
28243673 753620.701 3753377.909 292.968 0.078 -0.00374 27.549 62622.21498 -84.257556916 33.890291690
28243674 753620.725 3753377.874 292.683 0.035 -0.01403 27.598 62622.21501 -84.257556668 33.890291368
28243739 753620.766 3753377.973 294.94 0.055 0.06819 27.249 62622.22806 -84.257556203 33.890292247
28243740 753620.77 3753377.978 294.659 0.098 0.05790 27.233 62622.22809 -84.257556161 33.890292289
28243741 753620.802 3753377.926 294.38 0.110 0.04761 27.283 62622.22813 -84.257555827 33.890291816
28243742 753620.78 3753377.981 294.099 0.106 0.03732 27.217 62622.22816 -84.257556042 33.890292314
28243743 753620.791 3753377.973 293.819 0.102 0.02703 27.224 62622.22819 -84.257555934 33.890292240
28243744 753620.815 3753377.936 293.539 0.114 0.01674 27.266 62622.22823 -84.257555677 33.890291903
28243745 753620.834 3753377.911 293.258 0.075 0.00645 27.298 62622.22826 -84.257555481 33.890291672
28243746 753620.821 3753377.949 292.978 0.063 -0.00384 27.262 62622.22829 -84.257555611 33.890292019
28243812 753620.825 3753378.134 294.925 0.055 0.06819 26.826 62622.24137 -84.257555516 33.890293682
28243813 753620.938 3753377.922 294.658 0.078 0.05790 27.053 62622.24140 -84.257554360 33.890291746
28243814 753620.939 3753377.933 294.379 0.094 0.04761 27.033 62622.24144 -84.257554348 33.890291844
28243815 753620.919 3753377.983 294.1 0.106 0.03732 26.972 62622.24147 -84.257554541 33.890292301
28243816 753620.92 3753377.995 293.823 0.086 0.02703 26.957 62622.24150 -84.257554535 33.890292407
28243817 753620.913 3753378.021 293.545 0.114 0.01674 26.929 62622.24154 -84.257554600 33.890292640
28243818 753620.968 3753377.924 293.267 0.063 0.00645 27.041 62622.24157 -84.257554036 33.890291757
28243886 753620.982 3753378.113 294.649 0.039 0.05800 26.597 62622.25471 -84.257553827 33.890293453
28243887 753621.036 3753378.017 294.378 0.055 0.04771 26.696 62622.25474 -84.257553272 33.890292583
28243888 753621.005 3753378.092 294.102 0.090 0.03742 26.608 62622.25478 -84.257553587 33.890293260
28243889 753621.039 3753378.037 293.829 0.071 0.02713 26.668 62622.25481 -84.257553237 33.890292754
28243890 753621.015 3753378.096 293.555 0.063 0.01684 26.602 62622.25484 -84.257553480 33.890293298
28243960 753621.16 3753378.05 294.374 0.082 0.04761 26.417 62622.26805 -84.257551924 33.890292848
28243961 753621.117 3753378.147 294.1 0.039 0.03732 26.304 62622.26808 -84.257552357 33.890293730
28243962 753621.067 3753378.258 293.828 0.059 0.02703 26.178 62622.26812 -84.257552862 33.890294739
28243963 753621.111 3753378.183 293.559 0.067 0.01674 26.263 62622.26815 -84.257552410 33.890294053
28244035 753621.209 3753378.256 293.833 0.043 0.02703 25.938 62622.28143 -84.257551336 33.890294687